38.766964 -90.489257 
38.767179 -90.489104 
38.767522 -90.488873 
38.767898 -90.488610 
38.768308 -90.488347 
38.768709 -90.488020 
38.769219 -90.487671 
38.769721 -90.487322 
38.770214 -90.486973 
38.770858 -90.486517 
38.771259 -90.486179 
38.771518 -90.485935 
38.772070 -90.485447 
38.772672 -90.484884 
38.773416 -90.484353 
38.774185 -90.483919 
38.774615 -90.483686 
38.775267 -90.483327 
38.776036 -90.482914 
38.776847 -90.482501 
38.777286 -90.482252 
38.777666 -90.482051 
38.778122 -90.481786 
38.778519 -90.481574 
38.778958 -90.481330 
38.779811 -90.480874 
38.781316 -90.480059 
38.782135 -90.479614 
38.782879 -90.479190 
38.783092 -90.479080 
38.783282 -90.478970 
38.783439 -90.478875 
38.783626 -90.478764 
38.784067 -90.478520 
38.784895 -90.478139 
38.785890 -90.477855 
38.786818 -90.477624 
38.787763 -90.477361 
38.788766 -90.477109 
38.789686 -90.476846 
38.790141 -90.476677 
38.790559 -90.476503 
38.790998 -90.476313 
38.791416 -90.476128 
38.791871 -90.475922 
38.792841 -90.475423 
38.793518 -90.475042 
38.794212 -90.474629 
38.794659 -90.474353 
38.795123 -90.474066 
38.795850 -90.473556 
38.796343 -90.473229 
38.796698 -90.472958 
38.796907 -90.472802 
38.797266 -90.472547 
38.797717 -90.472228 
38.798168 -90.471904 
38.798561 -90.471622 
38.799447 -90.470994 
38.800099 -90.470506 